Mes       Cuota          Intereses      Pago sin Intereses  Monto Restante
1         1357.35        1060.00        297.35              99702.65            
2         1357.35        1056.85        300.51              99402.14            
3         1357.35        1053.66        303.69              99098.45            
4         1357.35        1050.44        306.91              98791.53            
5         1357.35        1047.19        310.16              98481.37            
6         1357.35        1043.90        313.45              98167.92            
7         1357.35        1040.58        316.77              97851.14            
8         1357.35        1037.22        320.13              97531.01            
9         1357.35        1033.83        323.53              97207.48            
10        1357.35        1030.40        326.96              96880.53            
11        1357.35        1026.93        330.42              96550.11            
12        1357.35        1023.43        333.92              96216.18            
13        1357.35        1019.89        337.46              95878.72            
14        1357.35        1016.31        341.04              95537.68            
15        1357.35        1012.70        344.66              95193.02            
16        1357.35        1009.05        348.31              94844.71            
17        1357.35        1005.35        352.00              94492.71            
18        1357.35        1001.62        355.73              94136.98            
19        1357.35        997.85         359.50              93777.48            
20        1357.35        994.04         363.31              93414.17            
21        1357.35        990.19         367.16              93047.00            
22        1357.35        986.30         371.06              92675.94            
23        1357.35        982.37         374.99              92300.95            
24        1357.35        978.39         378.96              91921.99            
25        1357.35        974.37         382.98              91539.01            
26        1357.35        970.31         387.04              91151.97            
27        1357.35        966.21         391.14              90760.82            
28        1357.35        962.06         395.29              90365.53            
29        1357.35        957.87         399.48              89966.05            
30        1357.35        953.64         403.71              89562.34            
31        1357.35        949.36         407.99              89154.34            
32        1357.35        945.04         412.32              88742.02            
33        1357.35        940.67         416.69              88325.33            
34        1357.35        936.25         421.11              87904.23            
35        1357.35        931.78         425.57              87478.66            
36        1357.35        927.27         430.08              87048.58            
37        1357.35        922.71         434.64              86613.94            
38        1357.35        918.11         439.25              86174.69            
39        1357.35        913.45         443.90              85730.79            
40        1357.35        908.75         448.61              85282.18            
41        1357.35        903.99         453.36              84828.81            
42        1357.35        899.19         458.17              84370.64            
43        1357.35        894.33         463.03              83907.62            
44        1357.35        889.42         467.93              83439.68            
45        1357.35        884.46         472.89              82966.79            
46        1357.35        879.45         477.91              82488.88            
47        1357.35        874.38         482.97              82005.91            
48        1357.35        869.26         488.09              81517.82            
49        1357.35        864.09         493.27              81024.55            
50        1357.35        858.86         498.49              80526.06            
51        1357.35        853.58         503.78              80022.28            
52        1357.35        848.24         509.12              79513.16            
53        1357.35        842.84         514.52              78998.64            
54        1357.35        837.39         519.97              78478.68            
55        1357.35        831.87         525.48              77953.19            
56        1357.35        826.30         531.05              77422.14            
57        1357.35        820.67         536.68              76885.46            
58        1357.35        814.99         542.37              76343.09            
59        1357.35        809.24         548.12              75794.98            
60        1357.35        803.43         553.93              75241.05            
61        1357.35        797.56         559.80              74681.25            
62        1357.35        791.62         565.73              74115.51            
63        1357.35        785.62         571.73              73543.78            
64        1357.35        779.56         577.79              72965.99            
65        1357.35        773.44         583.92              72382.08            
66        1357.35        767.25         590.10              71791.97            
67        1357.35        760.99         596.36              71195.61            
68        1357.35        754.67         602.68              70592.93            
69        1357.35        748.29         609.07              69983.86            
70        1357.35        741.83         615.53              69368.34            
71        1357.35        735.30         622.05              68746.29            
72        1357.35        728.71         628.64              68117.64            
73        1357.35        722.05         635.31              67482.33            
74        1357.35        715.31         642.04              66840.29            
75        1357.35        708.51         648.85              66191.44            
76        1357.35        701.63         655.73              65535.72            
77        1357.35        694.68         662.68              64873.04            
78        1357.35        687.65         669.70              64203.34            
79        1357.35        680.56         676.80              63526.54            
80        1357.35        673.38         683.97              62842.57            
81        1357.35        666.13         691.22              62151.34            
82        1357.35        658.80         698.55              61452.79            
83        1357.35        651.40         705.96              60746.84            
84        1357.35        643.92         713.44              60033.40            
85        1357.35        636.35         721.00              59312.40            
86        1357.35        628.71         728.64              58583.76            
87        1357.35        620.99         736.37              57847.39            
88        1357.35        613.18         744.17              57103.22            
89        1357.35        605.29         752.06              56351.16            
90        1357.35        597.32         760.03              55591.12            
91        1357.35        589.27         768.09              54823.03            
92        1357.35        581.12         776.23              54046.80            
93        1357.35        572.90         784.46              53262.34            
94        1357.35        564.58         792.77              52469.57            
95        1357.35        556.18         801.18              51668.39            
96        1357.35        547.68         809.67              50858.72            
97        1357.35        539.10         818.25              50040.47            
98        1357.35        530.43         826.93              49213.54            
99        1357.35        521.66         835.69              48377.85            
100       1357.35        512.81         844.55              47533.30            
101       1357.35        503.85         853.50              46679.80            
102       1357.35        494.81         862.55              45817.25            
103       1357.35        485.66         871.69              44945.56            
104       1357.35        476.42         880.93              44064.63            
105       1357.35        467.09         890.27              43174.36            
106       1357.35        457.65         899.71              42274.65            
107       1357.35        448.11         909.24              41365.41            
108       1357.35        438.47         918.88              40446.53            
109       1357.35        428.73         928.62              39517.91            
110       1357.35        418.89         938.47              38579.44            
111       1357.35        408.94         948.41              37631.03            
112       1357.35        398.89         958.47              36672.56            
113       1357.35        388.73         968.63              35703.94            
114       1357.35        378.46         978.89              34725.04            
115       1357.35        368.09         989.27              33735.77            
116       1357.35        357.60         999.76              32736.02            
117       1357.35        347.00         1010.35             31725.66            
118       1357.35        336.29         1021.06             30704.60            
119       1357.35        325.47         1031.89             29672.72            
120       1357.35        314.53         1042.82             28629.89            
121       1357.35        303.48         1053.88             27576.01            
122       1357.35        292.31         1065.05             26510.96            
123       1357.35        281.02         1076.34             25434.62            
124       1357.35        269.61         1087.75             24346.88            
125       1357.35        258.08         1099.28             23247.60            
126       1357.35        246.42         1110.93             22136.67            
127       1357.35        234.65         1122.71             21013.96            
128       1357.35        222.75         1134.61             19879.36            
129       1357.35        210.72         1146.63             18732.72            
130       1357.35        198.57         1158.79             17573.93            
131       1357.35        186.28         1171.07             16402.86            
132       1357.35        173.87         1183.48             15219.38            
133       1357.35        161.33         1196.03             14023.35            
134       1357.35        148.65         1208.71             12814.64            
135       1357.35        135.84         1221.52             11593.12            
136       1357.35        122.89         1234.47             10358.65            
137       1357.35        109.80         1247.55             9111.10             
138       1357.35        96.58          1260.78             7850.32             
139       1357.35        83.21          1274.14             6576.18             
140       1357.35        69.71          1287.65             5288.53             
141       1357.35        56.06          1301.30             3987.24             
142       1357.35        42.26          1315.09             2672.15             
143       1357.35        28.32          1329.03             1343.12             
144       1357.35        14.24          1343.12             -0.00               
